         9
         1      0.00      0.00
         2      2.50      4.34
         3      5.00      0.00
         4      7.50      4.34
         5     10.00      0.00
         6     12.50      4.34
         7     15.00      0.00
         8     17.50      4.34
         9     20.00      0.00
         15
         1         1         2  1
         2         1         3  2
         3         2         3  1
         4         2         4  1
         5         3         4  1
         6         3         5  2
         7         4         5  2
         8         4         6  1
         9         5         6  2
        10         5         7  2
        11         6         7  1
        12         6         8  1
        13         7         8  1
        14         7         9  2
        15         8         9  1
         2
         1         200.000E9     0.00300
         2         200.000E9     0.00050
         4
         2      0.00    -100.00E3
         4      0.00    -100.00E3
         6      0.00    -100.00E3
         8      0.00    -200.00E3
         4 
         1         1         1     0.0000     0.0000
         3         0         1     0.0000     0.0000
         7         0         1     0.0000     0.0000
         9         0         1     0.0000     0.0000
         
         


