         6
         1       .00       .00
         2    280.00    360.00
         3    280.00       .00
         4    780.00    360.00
         5    780.00       .00
         6   1060.00       .00
        10
         1         1         3  2
         2         3         5  2
         3         5         6  2
         4         2         4  3
         5         1         2  3
         6         3         2  1
         7         3         4  1
         8         5         2  1
         9         5         4  1
        10         4         6  3
         3
         1         21000000.    10.00000
         2         21000000.    25.00000
         3         21000000.    30.00000
         3
         2  40000.00       .00
         3       .00 -20000.00
         5       .00 -20000.00
         2 
         1         1         1     .0000     .0000
         6         0         1     .0000     .0000
         
         


