         5
         1      0.00      0.00
         2      0.00      3.00
         3      2.00      3.00
         4      4.00      3.00
         5      6.00      3.00
         4
         1         1         2  1
         2         1         3  2
         3         1         4  3
         4         1         5  4
         4
         1         200.000E9     0.00010
         2         200.000E9     0.00020
         3         200.000E9     0.00030
         4         200.000E9     0.00040
         1
         1      100.00E3    0.00
         4 
         2         1         1     0.0000     0.0000
         3         1         1     0.0000     0.0000
         4         1         1     0.0000     0.0000
         5         1         1     0.0000     0.0000
         
         


