         6
         1      7.315      7.315
         2     14.630      7.315
         3      0.000      0.000
         4      7.315      0.000
         5     14.630      0.000
         6     21.960      0.000
         10
         1         1         2  1
         2         1         3  1
         3         4         1  2
         4         1         5  2
         5         2         4  2
         6         2         5  2
         7         2         6  1
         8         3         4  1
         9         4         5  1
        10         5         6  1
         2
         1         199955000000.0     0.0012904
         2         199955000000.0     0.0006452
         2
         4      0.00     -44.50E3
         5      0.00    -111.25E3
         2 
         3         1         1     0.0000     0.0000
         6         0         1     0.0000     0.0000
         
         


